local MyRoute = {
    CFrame.new(314.416138, 108.998016, -919.518311, -0.353872, 0, 0.935294, 0, 1, 0, -0.935294, 0, -0.353872),
    CFrame.new(314.416138, 108.998016, -919.518311, -0.353872, 0, 0.935294, 0, 1, 0, -0.935294, 0, -0.353872),
    CFrame.new(314.416138, 108.998016, -919.518311, -0.353872, 0, 0.935294, 0, 1, 0, -0.935294, 0, -0.353872),
    CFrame.new(314.416138, 108.998016, -919.518311, -0.353872, 0, 0.935294, 0, 1, 0, -0.935294, 0, -0.353872),
    CFrame.new(314.416138, 108.998016, -919.518311, -0.353872, 0, 0.935294, 0, 1, 0, -0.935294, 0, -0.353872),
    CFrame.new(317.916473, 108.998016, -910.947876, -0.391952, 0, 0.919986, 0, 1, 0, -0.919986, 0, -0.391952),
    CFrame.new(317.317474, 108.998016, -910.655212, -0.406782, 0, 0.913525, 0, 1, 0, -0.913525, 0, -0.406782),
    CFrame.new(316.723511, 108.998016, -910.352417, -0.421663, 0, 0.906752, 0, 1, 0, -0.906752, 0, -0.421663),
    CFrame.new(316.133118, 108.998016, -910.042786, -0.435078, 0, 0.900393, 0, 1, 0, -0.900393, 0, -0.435078),
    CFrame.new(315.546936, 108.998016, -909.725281, -0.447954, 0, 0.894057, 0, 1, 0, -0.894057, 0, -0.447954),
    CFrame.new(315.078094, 108.998016, -909.471069, -0.455208, 0, 0.890385, 0, 1, 0, -0.890385, 0, -0.455208),
    CFrame.new(314.492676, 108.998016, -909.152100, -0.462460, 0, 0.886640, 0, 1, 0, -0.886640, 0, -0.462460),
    CFrame.new(313.908264, 108.998016, -908.831360, -0.468291, 0, 0.883574, 0, 1, 0, -0.883574, 0, -0.468291),
    CFrame.new(313.324524, 108.998016, -908.509277, -0.472927, 0, 0.881101, 0, 1, 0, -0.881101, 0, -0.472927),
    CFrame.new(312.858185, 108.998016, -908.250610, -0.476042, 0, 0.879423, 0, 1, 0, -0.879423, 0, -0.476042),
    CFrame.new(312.275543, 108.998016, -907.926575, -0.479215, 0, 0.877698, 0, 1, 0, -0.877698, 0, -0.479215),
    CFrame.new(311.809723, 108.998016, -907.666870, -0.481214, 0, 0.876603, 0, 1, 0, -0.876603, 0, -0.481214),
    CFrame.new(310.770569, 108.998016, -907.077820, -0.485217, 0, 0.874394, 0, 1, 0, -0.874394, 0, -0.485217),
    CFrame.new(309.796356, 108.998016, -906.515259, -0.489803, 0, 0.871833, 0, 1, 0, -0.871833, 0, -0.489803),
    CFrame.new(308.634216, 108.998016, -905.828430, -0.496773, 0, 0.867880, 0, 1, 0, -0.867880, 0, -0.496773),
    CFrame.new(307.862732, 108.998016, -905.364990, -0.501522, 0, 0.865145, 0, 1, 0, -0.865145, 0, -0.501522),
    CFrame.new(306.997162, 108.998016, -904.839905, -0.506465, 0, 0.862261, 0, 1, 0, -0.862261, 0, -0.506465),
    CFrame.new(306.134369, 108.998016, -904.309937, -0.511297, 0, 0.859404, 0, 1, 0, -0.859404, 0, -0.511297),
    CFrame.new(305.183563, 108.998016, -903.708679, -0.518467, 0, 0.855098, 0, 1, 0, -0.855098, 0, -0.518467),
    CFrame.new(304.248627, 108.998016, -903.082886, -0.530034, 0, 0.847977, 0, 1, 0, -0.847977, 0, -0.530034),
    CFrame.new(303.325409, 108.998016, -902.440063, -0.543142, 0, 0.839641, 0, 1, 0, -0.839641, 0, -0.543142),
    CFrame.new(302.414307, 108.998016, -901.780090, -0.556861, 0, 0.830606, 0, 1, 0, -0.830606, 0, -0.556861),
    CFrame.new(301.688110, 108.998016, -901.248596, -0.565857, 0, 0.824503, 0, 1, 0, -0.824503, 0, -0.565857),
    CFrame.new(300.872223, 108.998016, -900.648926, -0.573540, 0, 0.819178, 0, 1, 0, -0.819178, 0, -0.573540),
    CFrame.new(299.696594, 108.998016, -899.778687, -0.581923, 0, 0.813244, 0, 1, 0, -0.813244, 0, -0.581923),
    CFrame.new(298.703766, 108.998016, -899.039734, -0.587141, 0, 0.809485, 0, 1, 0, -0.809485, 0, -0.587141),
    CFrame.new(297.803131, 108.998016, -898.365417, -0.591072, 0, 0.806619, 0, 1, 0, -0.806619, 0, -0.591072),
    CFrame.new(296.810455, 108.998016, -897.626343, -0.593238, 0, 0.805027, 0, 1, 0, -0.805027, 0, -0.593238),
    CFrame.new(295.995392, 108.998016, -897.025818, -0.593338, 0, 0.804954, 0, 1, 0, -0.804954, 0, -0.593338),
    CFrame.new(294.885620, 108.998016, -896.257324, -0.584937, 0, 0.811079, 0, 1, 0, -0.811079, 0, -0.584937),
    CFrame.new(293.940308, 108.998016, -895.647400, -0.571859, 0, 0.820352, 0, 1, 0, -0.820352, 0, -0.571859),
    CFrame.new(292.779022, 108.998016, -894.959045, -0.549586, 0, 0.835437, 0, 1, 0, -0.835437, 0, -0.549586),
    CFrame.new(291.494232, 108.998016, -894.260620, -0.521607, 0, 0.853186, 0, 1, 0, -0.853186, 0, -0.521607),
    CFrame.new(290.296661, 108.998016, -893.637390, -0.499340, 0, 0.866406, 0, 1, 0, -0.866406, 0, -0.499340),
    CFrame.new(289.495972, 108.998016, -893.226440, -0.488111, 0, 0.872782, 0, 1, 0, -0.872782, 0, -0.488111),
    CFrame.new(288.293427, 108.998016, -892.613037, -0.475487, 0, 0.879723, 0, 1, 0, -0.879723, 0, -0.475487),
    CFrame.new(287.189941, 108.998016, -892.053101, -0.467520, 0, 0.883983, 0, 1, 0, -0.883983, 0, -0.467520),
    CFrame.new(286.185089, 108.998016, -891.546997, -0.461877, 0, 0.886944, 0, 1, 0, -0.886944, 0, -0.461877),
    CFrame.new(285.276917, 108.998016, -891.099365, -0.456373, 0, 0.889789, 0, 1, 0, -0.889789, 0, -0.456373),
    CFrame.new(284.161530, 108.998016, -890.563354, -0.448483, 0, 0.893791, 0, 1, 0, -0.893791, 0, -0.448483),
    CFrame.new(283.246460, 108.998016, -890.130005, -0.442535, 0, 0.896751, 0, 1, 0, -0.896751, 0, -0.442535),
    CFrame.new(282.431274, 108.998016, -889.748596, -0.437798, 0, 0.899074, 0, 1, 0, -0.899074, 0, -0.437798),
    CFrame.new(281.310120, 108.998016, -889.224548, -0.432834, 0, 0.901473, 0, 1, 0, -0.901473, 0, -0.432834),
    CFrame.new(280.494720, 108.998016, -888.843140, -0.430387, 0, 0.902645, 0, 1, 0, -0.902645, 0, -0.430387),
    CFrame.new(279.272461, 108.998016, -888.269653, -0.428208, 0, 0.903680, 0, 1, 0, -0.903680, 0, -0.428208),
    CFrame.new(278.052338, 108.998016, -887.691711, -0.428046, 0, 0.903757, 0, 1, 0, -0.903757, 0, -0.428046),
    CFrame.new(276.369598, 108.998016, -887.062012, -0.392433, 0, 0.919781, 0, 1, 0, -0.919781, 0, -0.392433),
    CFrame.new(274.812225, 108.998016, -886.842468, -0.289323, 0, 0.957232, 0, 1, 0, -0.957232, 0, -0.289323),
    CFrame.new(273.012970, 108.998016, -886.791382, -0.165704, 0, 0.986175, 0, 1, 0, -0.986175, 0, -0.165704),
    CFrame.new(272.113220, 108.998016, -886.769470, -0.124889, 0, 0.992171, 0, 1, 0, -0.992171, 0, -0.124889),
    CFrame.new(271.213806, 108.998016, -886.737061, -0.099017, 0, 0.995086, 0, 1, 0, -0.995086, 0, -0.099017),
    CFrame.new(269.752625, 108.998016, -886.677490, -0.074811, 0, 0.997198, 0, 1, 0, -0.997198, 0, -0.074811),
    CFrame.new(268.405914, 108.998016, -886.583801, -0.071964, 0, 0.997407, 0, 1, 0, -0.997407, 0, -0.071964),
    CFrame.new(266.445648, 108.998016, -886.390076, -0.085461, 0, 0.996342, 0, 1, 0, -0.996342, 0, -0.085461),
    CFrame.new(265.389893, 108.998016, -886.230042, -0.103387, 0, 0.994641, 0, 1, 0, -0.994641, 0, -0.103387),
    CFrame.new(264.504120, 108.998016, -886.070496, -0.123077, 0, 0.992397, 0, 1, 0, -0.992397, 0, -0.123077),
    CFrame.new(263.401672, 108.998016, -885.846680, -0.148801, 0, 0.988867, 0, 1, 0, -0.988867, 0, -0.148801),
    CFrame.new(261.875427, 108.998016, -885.458252, -0.190467, 0, 0.981694, 0, 1, 0, -0.981694, 0, -0.190467),
    CFrame.new(260.689148, 108.998016, -885.106079, -0.223159, 0, 0.974782, 0, 1, 0, -0.974782, 0, -0.223159),
    CFrame.new(259.065399, 108.998016, -884.625061, -0.254825, 0, 0.966987, 0, 1, 0, -0.966987, 0, -0.254825),
    CFrame.new(258.085022, 108.998016, -884.396179, -0.245789, 0, 0.969323, 0, 1, 0, -0.969323, 0, -0.245789),
    CFrame.new(256.521698, 108.998016, -884.218445, -0.192105, 0, 0.981374, 0, 1, 0, -0.981374, 0, -0.192105),
    CFrame.new(255.172394, 108.998016, -884.246033, -0.114833, 0, 0.993385, 0, 1, 0, -0.993385, 0, -0.114833),
    CFrame.new(253.602112, 108.998016, -884.365967, -0.033116, 0, 0.999452, 0, 1, 0, -0.999452, 0, -0.033116),
    CFrame.new(252.261398, 108.998016, -884.523987, 0.023269, 0, 0.999729, 0, 1, 0, -0.999729, 0, 0.023269),
    CFrame.new(250.922867, 108.998016, -884.699524, 0.063653, 0, 0.997972, 0, 1, 0, -0.997972, 0, 0.063653),
    CFrame.new(249.475220, 108.998016, -884.907471, 0.095566, 0, 0.995423, 0, 1, 0, -0.995423, 0, 0.095566),
    CFrame.new(248.250412, 108.998016, -885.084595, 0.112348, 0, 0.993669, 0, 1, 0, -0.993669, 0, 0.112348),
    CFrame.new(246.801819, 108.998016, -885.286072, 0.122840, 0, 0.992426, 0, 1, 0, -0.992426, 0, 0.122840),
    CFrame.new(245.352539, 108.998016, -885.481934, 0.127529, 0, 0.991835, 0, 1, 0, -0.991835, 0, 0.127529),
    CFrame.new(244.237259, 108.998016, -885.629578, 0.128747, 0, 0.991677, 0, 1, 0, -0.991677, 0, 0.128747),
    CFrame.new(243.233521, 108.998016, -885.762512, 0.129467, 0, 0.991584, 0, 1, 0, -0.991584, 0, 0.129467),
    CFrame.new(242.006729, 108.998016, -885.924988, 0.130075, 0, 0.991504, 0, 1, 0, -0.991504, 0, 0.130075),
    CFrame.new(240.779770, 108.998016, -886.086365, 0.130193, 0, 0.991489, 0, 1, 0, -0.991489, 0, 0.130193),
    CFrame.new(239.329132, 108.998016, -886.272278, 0.129083, 0, 0.991634, 0, 1, 0, -0.991634, 0, 0.129083),
    CFrame.new(238.324448, 108.998016, -886.398132, 0.127692, 0, 0.991814, 0, 1, 0, -0.991814, 0, 0.127692),
    CFrame.new(237.095657, 108.998016, -886.544800, 0.124664, 0, 0.992199, 0, 1, 0, -0.992199, 0, 0.124664),
    CFrame.new(235.640808, 108.998016, -886.694214, 0.115886, 0, 0.993263, 0, 1, 0, -0.993263, 0, 0.115886),
    CFrame.new(234.295807, 108.998016, -886.810181, 0.104834, 0, 0.994490, 0, 1, 0, -0.994490, 0, 0.104834),
    CFrame.new(232.836121, 108.998016, -886.900391, 0.087956, 0, 0.996124, 0, 1, 0, -0.996124, 0, 0.087956),
    CFrame.new(231.262283, 108.998016, -886.960266, 0.066753, 0, 0.997770, 0, 1, 0, -0.997770, 0, 0.066753),
    CFrame.new(230.024918, 108.998016, -886.978882, 0.049043, 0, 0.998797, 0, 1, 0, -0.998797, 0, 0.049043),
    CFrame.new(228.674896, 108.998016, -886.981018, 0.031344, 0, 0.999509, 0, 1, 0, -0.999509, 0, 0.031344),
    CFrame.new(227.437454, 108.998016, -886.973572, 0.018306, 0, 0.999832, 0, 1, 0, -0.999832, 0, 0.018306),
    CFrame.new(226.087769, 108.998016, -886.945068, 0.003725, 0, 0.999993, 0, 1, 0, -0.999993, 0, 0.003725),
    CFrame.new(224.851440, 108.998016, -886.891602, -0.012166, 0, 0.999926, 0, 1, 0, -0.999926, 0, -0.012166),
    CFrame.new(223.728439, 108.998016, -886.824402, -0.027146, 0, 0.999631, 0, 1, 0, -0.999631, 0, -0.027146),
    CFrame.new(222.494370, 108.998016, -886.731995, -0.043377, 0, 0.999059, 0, 1, 0, -0.999059, 0, -0.043377),
    CFrame.new(221.261002, 108.998016, -886.630554, -0.056739, 0, 0.998389, 0, 1, 0, -0.998389, 0, -0.056739),
    CFrame.new(219.916443, 108.998016, -886.509644, -0.068978, 0, 0.997618, 0, 1, 0, -0.997618, 0, -0.068978),
    CFrame.new(218.146729, 108.998016, -886.191528, -0.119893, 0, 0.992787, 0, 1, 0, -0.992787, 0, -0.119893),
    CFrame.new(216.786407, 108.998016, -885.660583, -0.216717, 0, 0.976234, 0, 1, 0, -0.976234, 0, -0.216717),
    CFrame.new(215.690308, 108.998016, -885.086670, -0.304368, 0, 0.952555, 0, 1, 0, -0.952555, 0, -0.304368),
    CFrame.new(214.638062, 108.998016, -884.435730, -0.383274, 0, 0.923635, 0, 1, 0, -0.923635, 0, -0.383274),
    CFrame.new(213.627991, 108.998016, -883.720825, -0.452817, 0, 0.891604, 0, 1, 0, -0.891604, 0, -0.452817),
    CFrame.new(212.646393, 108.998016, -882.967346, -0.509349, 0, 0.860560, 0, 1, 0, -0.860560, 0, -0.509349),
    CFrame.new(211.855331, 108.998016, -882.335449, -0.543863, 0, 0.839174, 0, 1, 0, -0.839174, 0, -0.543863),
    CFrame.new(210.896988, 108.998016, -881.552490, -0.575406, 0, 0.817868, 0, 1, 0, -0.817868, 0, -0.575406),
    CFrame.new(210.033157, 108.998016, -880.831787, -0.596757, 0, 0.802422, 0, 1, 0, -0.802422, 0, -0.596757),
    CFrame.new(209.087692, 108.998016, -880.033264, -0.613932, 0, 0.789359, 0, 1, 0, -0.789359, 0, -0.613932),
    CFrame.new(208.320740, 108.998016, -879.372192, -0.625310, 0, 0.780377, 0, 1, 0, -0.780377, 0, -0.625310),
    CFrame.new(207.472641, 108.998016, -878.632935, -0.635484, 0, 0.772114, 0, 1, 0, -0.772114, 0, -0.635484),
    CFrame.new(206.544708, 108.998016, -877.814026, -0.644657, 0, 0.764472, 0, 1, 0, -0.764472, 0, -0.644657),
    CFrame.new(205.708755, 108.998016, -877.061035, -0.652410, 0, 0.757866, 0, 1, 0, -0.757866, 0, -0.652410),
    CFrame.new(204.792480, 108.998016, -876.229065, -0.659318, 0, 0.751865, 0, 1, 0, -0.751865, 0, -0.659318),
    CFrame.new(203.719803, 108.998016, -875.235107, -0.667260, 0, 0.744825, 0, 1, 0, -0.744825, 0, -0.667260),
    CFrame.new(202.736938, 108.998016, -874.309509, -0.673959, 0, 0.738769, 0, 1, 0, -0.738769, 0, -0.673959),
    CFrame.new(201.842133, 108.998016, -873.454773, -0.679701, 0, 0.733490, 0, 1, 0, -0.733490, 0, -0.679701),
    CFrame.new(200.957825, 108.998016, -872.589111, -0.686534, 0, 0.727098, 0, 1, 0, -0.727098, 0, -0.686534),
    CFrame.new(199.925461, 108.997101, -871.553284, -0.695178, 0, 0.718838, 0, 1, 0, -0.718838, 0, -0.695178),
    CFrame.new(199.215729, 108.992157, -870.831238, -0.700464, 0, 0.713687, 0, 1, 0, -0.713687, 0, -0.700464),
    CFrame.new(198.433960, 108.983879, -870.022339, -0.706281, 0, 0.707932, 0, 1, 0, -0.707932, 0, -0.706281),
    CFrame.new(197.813354, 108.977226, -869.370605, -0.710966, 0, 0.703226, 0, 1, 0, -0.703226, 0, -0.710966),
    CFrame.new(197.042389, 108.968956, -868.551331, -0.716397, 0, 0.697692, 0, 1, 0, -0.697692, 0, -0.716397),
    CFrame.new(196.275513, 108.961716, -867.728088, -0.721320, 0, 0.692602, 0, 1, 0, -0.692602, 0, -0.721320),
    CFrame.new(195.592804, 108.952049, -866.980530, -0.726174, 0, 0.687511, 0, 1, 0, -0.687511, 0, -0.726174),
    CFrame.new(194.759140, 108.936607, -866.066223, -0.730661, 0, 0.682740, 0, 1, 0, -0.682740, 0, -0.730661),
    CFrame.new(194.084595, 108.925888, -865.311401, -0.734905, 0, 0.678170, 0, 1, 0, -0.678170, 0, -0.734905),
    CFrame.new(193.264740, 108.922165, -864.384216, -0.739766, 0, 0.672864, 0, 1, 0, -0.672864, 0, -0.739766),
    CFrame.new(192.598862, 108.919289, -863.621338, -0.743733, 0, 0.668477, 0, 1, 0, -0.668477, 0, -0.743733),
    CFrame.new(191.781952, 108.892151, -862.692444, -0.746337, 0, 0.665568, 0, 1, 0, -0.665568, 0, -0.746337),
    CFrame.new(190.966034, 108.796768, -861.771362, -0.747222, 0, 0.664574, 0, 1, 0, -0.664574, 0, -0.747222),
    CFrame.new(190.207169, 108.701340, -860.915222, -0.747623, 0, 0.664124, 0, 1, 0, -0.664124, 0, -0.747623),
    CFrame.new(188.919922, 108.517883, -859.467285, -0.747485, 0, 0.664279, 0, 1, 0, -0.664279, 0, -0.747485),
    CFrame.new(188.164597, 108.369148, -858.603638, -0.749034, 0, 0.662531, 0, 1, 0, -0.662531, 0, -0.749034),
    CFrame.new(187.146454, 108.036957, -857.417847, -0.753038, 0, 0.657977, 0, 1, 0, -0.657977, 0, -0.753038),
    CFrame.new(186.315857, 107.718658, -856.422485, -0.758538, 0, 0.651629, 0, 1, 0, -0.651629, 0, -0.758538),
    CFrame.new(185.438980, 107.381645, -855.326538, -0.767157, 0, 0.641460, 0, 1, 0, -0.641460, 0, -0.767157),
    CFrame.new(184.746811, 107.102669, -854.427551, -0.775478, 0, 0.631375, 0, 1, 0, -0.631375, 0, -0.775478),
    CFrame.new(184.235352, 106.900513, -853.740417, -0.782290, 0, 0.622914, 0, 1, 0, -0.622914, 0, -0.782290),
    CFrame.new(183.444611, 106.599373, -852.647461, -0.792572, 0, 0.609779, 0, 1, 0, -0.609779, 0, -0.792572),
    CFrame.new(182.560318, 106.284576, -851.383362, -0.804274, 0, 0.594258, 0, 1, 0, -0.594258, 0, -0.804274),
    CFrame.new(181.941498, 106.081871, -850.466003, -0.812202, 0, 0.583376, 0, 1, 0, -0.583376, 0, -0.812202),
    CFrame.new(181.276138, 105.885468, -849.444885, -0.821741, 0, 0.569861, 0, 1, 0, -0.569861, 0, -0.821741),
    CFrame.new(180.617249, 105.671730, -848.419373, -0.829369, 0, 0.558702, 0, 1, 0, -0.558702, 0, -0.829369),
    CFrame.new(179.683960, 105.366692, -846.910645, -0.840834, 0, 0.541293, 0, 1, 0, -0.541293, 0, -0.840834),
    CFrame.new(178.784500, 105.194511, -845.420288, -0.849254, 0, 0.527984, 0, 1, 0, -0.527984, 0, -0.849254),
    CFrame.new(177.913818, 105.015137, -843.932373, -0.855920, 0, 0.517108, 0, 1, 0, -0.517108, 0, -0.855920),
    CFrame.new(177.295547, 104.921478, -842.864441, -0.859238, 0, 0.511576, 0, 1, 0, -0.511576, 0, -0.859238),
    CFrame.new(176.735901, 104.844559, -841.891602, -0.861680, 0, 0.507452, 0, 1, 0, -0.507452, 0, -0.861680),
    CFrame.new(176.176697, 104.756462, -840.919556, -0.863336, 0, 0.504629, 0, 1, 0, -0.504629, 0, -0.863336),
    CFrame.new(175.730698, 104.656387, -840.144287, -0.864253, 0, 0.503058, 0, 1, 0, -0.503058, 0, -0.864253),
    CFrame.new(175.124161, 104.475616, -839.079163, -0.865851, 0, 0.500302, 0, 1, 0, -0.500302, 0, -0.865851),
    CFrame.new(174.519180, 104.316322, -838.011475, -0.867288, 0, 0.497806, 0, 1, 0, -0.497806, 0, -0.867288),
    CFrame.new(173.971497, 104.178612, -837.038574, -0.868612, 0, 0.495493, 0, 1, 0, -0.495493, 0, -0.868612),
    CFrame.new(173.267487, 103.999329, -835.769348, -0.870921, 0, 0.491423, 0, 1, 0, -0.491423, 0, -0.870921),
    CFrame.new(172.467560, 103.776421, -834.300232, -0.874264, 0, 0.485451, 0, 1, 0, -0.485451, 0, -0.874264),
    CFrame.new(171.999557, 103.641472, -833.412537, -0.877382, 0, 0.479793, 0, 1, 0, -0.479793, 0, -0.877382),
    CFrame.new(170.845963, 103.290291, -831.123169, -0.887941, 0, 0.459956, 0, 1, 0, -0.459956, 0, -0.887941),
    CFrame.new(170.162857, 103.149338, -829.712402, -0.893851, 0, 0.448364, 0, 1, 0, -0.448364, 0, -0.893851),
    CFrame.new(169.540237, 103.010612, -828.396423, -0.898444, 0, 0.439089, 0, 1, 0, -0.439089, 0, -0.898444),
    CFrame.new(169.061050, 102.909790, -827.383728, -0.900497, 0, 0.434862, 0, 1, 0, -0.434862, 0, -0.900497),
    CFrame.new(168.484650, 102.841522, -826.165833, -0.901960, 0, 0.431820, 0, 1, 0, -0.431820, 0, -0.901960),
    CFrame.new(167.470566, 102.797783, -824.023193, -0.903190, 0, 0.429241, 0, 1, 0, -0.429241, 0, -0.903190),
    CFrame.new(167.185959, 102.806282, -823.421570, -0.903316, 0, 0.428975, 0, 1, 0, -0.428975, 0, -0.903316),
    CFrame.new(166.426636, 102.888840, -821.792786, -0.904887, 0, 0.425651, 0, 1, 0, -0.425651, 0, -0.904887),
    CFrame.new(165.655441, 102.998520, -820.169495, -0.904185, 0, 0.427141, 0, 1, 0, -0.427141, 0, -0.904185),
    CFrame.new(164.621857, 103.199722, -818.183655, -0.894209, 0, 0.447650, 0, 1, 0, -0.447650, 0, -0.894209),
    CFrame.new(163.867966, 103.393906, -816.814209, -0.885613, 0, 0.464424, 0, 1, 0, -0.464424, 0, -0.885613),
    CFrame.new(162.955551, 103.627541, -815.413391, -0.865403, 0, 0.501077, 0, 1, 0, -0.501077, 0, -0.865403),
    CFrame.new(161.805801, 103.796509, -814.035278, -0.821969, 0, 0.569532, 0, 1, 0, -0.569532, 0, -0.821969),
    CFrame.new(161.021851, 103.816765, -813.196655, -0.790283, 0, 0.612742, 0, 1, 0, -0.612742, 0, -0.790283),
    CFrame.new(160.478165, 103.781532, -812.661194, -0.772737, 0, 0.634726, 0, 1, 0, -0.634726, 0, -0.772737),
    CFrame.new(159.537521, 103.674850, -811.698669, -0.750702, 0, 0.660641, 0, 1, 0, -0.660641, 0, -0.750702),
    CFrame.new(158.566986, 103.280205, -810.653625, -0.743163, 0, 0.669111, 0, 1, 0, -0.669111, 0, -0.743163),
    CFrame.new(157.323227, 105.151741, -809.276855, -0.742299, 0, 0.670069, 0, 1, 0, -0.670069, 0, -0.742299),
    CFrame.new(156.601349, 106.781754, -808.487915, -0.740653, 0, 0.671888, 0, 1, 0, -0.671888, 0, -0.740653),
    CFrame.new(155.320206, 108.913002, -807.153564, -0.731609, 0, 0.681725, 0, 1, 0, -0.681725, 0, -0.731609),
    CFrame.new(154.909912, 109.365257, -806.738892, -0.727978, 0, 0.685600, 0, 1, 0, -0.685600, 0, -0.727978),
    CFrame.new(153.957626, 110.034340, -805.781738, -0.720477, 0, 0.693478, 0, 1, 0, -0.693478, 0, -0.720477),
    CFrame.new(152.622711, 110.367271, -804.436829, -0.713974, 0, 0.700172, 0, 1, 0, -0.700172, 0, -0.713974),
    CFrame.new(151.594223, 109.881035, -803.397400, -0.712665, 0, 0.701504, 0, 1, 0, -0.701504, 0, -0.712665),
    CFrame.new(150.797958, 109.115288, -802.602417, -0.710692, 0, 0.703504, 0, 1, 0, -0.703504, 0, -0.710692),
    CFrame.new(149.574387, 107.327995, -801.440369, -0.701019, 0, 0.713142, 0, 1, 0, -0.713142, 0, -0.701019),
    CFrame.new(148.504868, 105.873291, -800.589478, -0.704917, 0, 0.709290, 0, 1, 0, -0.709290, 0, -0.704917),
    CFrame.new(147.627213, 106.395439, -800.047119, -0.669599, 0, 0.742723, 0, 1, 0, -0.742723, 0, -0.669599),
    CFrame.new(146.616302, 106.175568, -799.279663, -0.647797, 0, 0.761813, 0, 1, 0, -0.761813, 0, -0.647797),
    CFrame.new(145.909729, 106.944786, -798.723450, -0.639168, 0, 0.769067, 0, 1, 0, -0.769067, 0, -0.639168),
    CFrame.new(144.747498, 109.140144, -797.809509, -0.637643, 0, 0.770332, 0, 1, 0, -0.770332, 0, -0.637643),
    CFrame.new(144.066360, 110.625801, -797.313477, -0.623154, 0, 0.782099, 0, 1, 0, -0.782099, 0, -0.623154),
    CFrame.new(142.559067, 112.937050, -796.339111, -0.585339, 0, 0.810788, 0, 1, 0, -0.810788, 0, -0.585339),
    CFrame.new(142.169693, 113.367851, -796.100037, -0.576689, 0, 0.816964, 0, 1, 0, -0.816964, 0, -0.576689),
    CFrame.new(141.504196, 113.991005, -795.697937, -0.562646, 0, 0.826698, 0, 1, 0, -0.826698, 0, -0.562646),
    CFrame.new(140.411621, 114.663017, -795.056885, -0.541754, 0, 0.840537, 0, 1, 0, -0.840537, 0, -0.541754),
    CFrame.new(139.378464, 114.905594, -794.489868, -0.521357, 0, 0.853339, 0, 1, 0, -0.853339, 0, -0.521357),
    CFrame.new(138.002914, 114.644157, -793.840881, -0.483056, 0, 0.875589, 0, 1, 0, -0.875589, 0, -0.483056),
    CFrame.new(137.197571, 114.326210, -793.496704, -0.455616, 0, 0.890176, 0, 1, 0, -0.890176, 0, -0.455616),
    CFrame.new(135.675354, 113.063416, -793.103882, -0.365561, 0, 0.930787, 0, 1, 0, -0.930787, 0, -0.365561),
    CFrame.new(134.783722, 112.042068, -792.985657, -0.302783, 0, 0.953060, 0, 1, 0, -0.953060, 0, -0.302783),
    CFrame.new(132.567627, 109.813347, -792.821472, -0.176074, 0, 0.984377, 0, 1, 0, -0.984377, 0, -0.176074),
    CFrame.new(130.609558, 112.875099, -792.704163, -0.109838, 0, 0.993950, 0, 1, 0, -0.993950, 0, -0.109838),
    CFrame.new(129.034180, 115.275307, -792.340149, -0.177315, 0, 0.984154, 0, 1, 0, -0.984154, 0, -0.177315),
    CFrame.new(127.983490, 116.491051, -791.763489, -0.289283, 0, 0.957244, 0, 1, 0, -0.957244, 0, -0.289283),
    CFrame.new(126.915161, 117.446106, -791.067749, -0.393918, 0, 0.919146, 0, 1, 0, -0.919146, 0, -0.393918),
    CFrame.new(125.146011, 118.024879, -789.746887, -0.519850, 0, 0.854258, 0, 1, 0, -0.854258, 0, -0.519850),
    CFrame.new(124.019440, 117.721710, -788.786987, -0.583715, 0, 0.811959, 0, 1, 0, -0.811959, 0, -0.583715),
    CFrame.new(122.707924, 116.496521, -787.554504, -0.641006, 0, 0.767536, 0, 1, 0, -0.767536, 0, -0.641006),
    CFrame.new(121.412979, 114.399330, -786.304077, -0.672467, 0, 0.740127, 0, 1, 0, -0.740127, 0, -0.672467),
    CFrame.new(120.229515, 111.430138, -784.949280, -0.719238, 0, 0.694764, 0, 1, 0, -0.694764, 0, -0.719238),
    CFrame.new(119.042976, 111.086426, -783.596924, -0.736666, 0, 0.676257, 0, 1, 0, -0.676257, 0, -0.736666),
    CFrame.new(118.511452, 112.565201, -783.015930, -0.737746, 0, 0.675078, 0, 1, 0, -0.675078, 0, -0.737746),
    CFrame.new(117.531212, 114.868683, -781.930725, -0.739752, 0, 0.672880, 0, 1, 0, -0.672880, 0, -0.739752),
    CFrame.new(116.623383, 116.705582, -780.647339, -0.776134, 0, 0.630568, 0, 1, 0, -0.630568, 0, -0.776134),
    CFrame.new(116.232018, 117.373672, -779.964172, -0.799985, 0, 0.600020, 0, 1, 0, -0.600020, 0, -0.799985),
    CFrame.new(115.724884, 118.038551, -778.960449, -0.834505, 0, 0.551000, 0, 1, 0, -0.551000, 0, -0.834505),
    CFrame.new(115.096352, 118.397133, -777.516785, -0.873667, 0, 0.486524, 0, 1, 0, -0.486524, 0, -0.873667),
    CFrame.new(114.566818, 118.132301, -776.153748, -0.899345, 0, 0.437239, 0, 1, 0, -0.437239, 0, -0.899345),
    CFrame.new(114.061760, 117.291817, -774.781250, -0.916389, 0, 0.400288, 0, 1, 0, -0.400288, 0, -0.916389),
    CFrame.new(113.417290, 115.324127, -772.980652, -0.929921, 0, 0.367760, 0, 1, 0, -0.367760, 0, -0.929921),
    CFrame.new(113.163574, 114.057526, -772.117432, -0.938767, 0, 0.344553, 0, 1, 0, -0.344553, 0, -0.938767),
    CFrame.new(112.882256, 111.316422, -770.569458, -0.962461, 0, 0.271419, 0, 1, 0, -0.271419, 0, -0.962461),
    CFrame.new(112.740631, 111.185669, -769.469177, -0.974081, 0, 0.226200, 0, 1, 0, -0.226200, 0, -0.974081),
    CFrame.new(112.594238, 112.258957, -768.258423, -0.982465, 0, 0.186447, 0, 1, 0, -0.186447, 0, -0.982465),
    CFrame.new(112.428513, 114.487442, -766.919617, -0.986915, 0, 0.161244, 0, 1, 0, -0.161244, 0, -0.986915),
    CFrame.new(112.269348, 115.969826, -765.806030, -0.988125, 0, 0.153652, 0, 1, 0, -0.153652, 0, -0.988125),
    CFrame.new(111.664177, 117.843338, -763.596802, -0.974982, 0, 0.222284, 0, 1, 0, -0.222284, 0, -0.974982),
    CFrame.new(110.496895, 118.279541, -761.021729, -0.934579, 0, 0.355757, 0, 1, 0, -0.355757, 0, -0.934579),
    CFrame.new(110.278748, 118.272346, -760.577942, -0.925659, 0, 0.378358, 0, 1, 0, -0.378358, 0, -0.925659),
    CFrame.new(109.460899, 117.302559, -759.102234, -0.900350, 0, 0.435166, 0, 1, 0, -0.435166, 0, -0.900350),
    CFrame.new(108.742760, 115.842133, -757.828186, -0.886751, 0, 0.462248, 0, 1, 0, -0.462248, 0, -0.886751),
    CFrame.new(107.781990, 113.254440, -756.306396, -0.867521, 0, 0.497401, 0, 1, 0, -0.497401, 0, -0.867521),
    CFrame.new(106.974472, 111.464317, -755.133179, -0.844837, 0, 0.535023, 0, 1, 0, -0.535023, 0, -0.844837),
    CFrame.new(106.248123, 111.696625, -754.076050, -0.819449, 0, 0.573152, 0, 1, 0, -0.573152, 0, -0.819449),
    CFrame.new(105.619446, 111.912476, -753.174255, -0.800437, 0, 0.599417, 0, 1, 0, -0.599417, 0, -0.800437),
    CFrame.new(104.946907, 112.407837, -752.168152, -0.779714, 0, 0.626136, 0, 1, 0, -0.626136, 0, -0.779714),
    CFrame.new(104.078926, 112.670502, -750.942505, -0.762791, 0, 0.646645, 0, 1, 0, -0.646645, 0, -0.762791),
    CFrame.new(103.413177, 114.541130, -750.198975, -0.752261, 0, 0.658865, 0, 1, 0, -0.658865, 0, -0.752261),
    CFrame.new(102.241524, 116.902588, -749.155762, -0.712329, 0, 0.701846, 0, 1, 0, -0.701846, 0, -0.712329),
    CFrame.new(101.194496, 118.395317, -748.303772, -0.682286, 0, 0.731086, 0, 1, 0, -0.731086, 0, -0.682286),
    CFrame.new(100.181541, 119.397545, -747.411804, -0.673604, 0, 0.739093, 0, 1, 0, -0.739093, 0, -0.673604),
    CFrame.new(99.387184, 119.858055, -746.615540, -0.683784, 0, 0.729685, 0, 1, 0, -0.729685, 0, -0.683784),
    CFrame.new(98.689270, 119.981277, -745.882141, -0.696540, 0, 0.717518, 0, 1, 0, -0.717518, 0, -0.696540),
    CFrame.new(97.832481, 119.757187, -744.989441, -0.705884, 0, 0.708327, 0, 1, 0, -0.708327, 0, -0.705884),
    CFrame.new(96.596939, 118.208084, -743.836121, -0.695050, 0, 0.718962, 0, 1, 0, -0.718962, 0, -0.695050),
    CFrame.new(95.882561, 117.956802, -743.291992, -0.674976, 0, 0.737840, 0, 1, 0, -0.737840, 0, -0.674976),
    CFrame.new(94.544449, 115.811852, -742.263977, -0.645649, 0, 0.763635, 0, 1, 0, -0.763635, 0, -0.645649),
    CFrame.new(93.480865, 113.544083, -741.432617, -0.634011, 0, 0.773324, 0, 1, 0, -0.773324, 0, -0.634011),
    CFrame.new(91.374405, 107.826508, -739.934998, -0.591525, 0, 0.806287, 0, 1, 0, -0.806287, 0, -0.591525),
    CFrame.new(89.860497, 102.786316, -738.961121, -0.562852, 0, 0.826558, 0, 1, 0, -0.826558, 0, -0.562852),
    CFrame.new(87.469421, 100.841606, -738.212585, -0.387688, 0, 0.921790, 0, 1, 0, -0.921790, 0, -0.387688),
    CFrame.new(86.497589, 101.425278, -737.950317, -0.340150, 0, 0.940371, 0, 1, 0, -0.940371, 0, -0.340150),
    CFrame.new(84.945869, 102.096802, -737.558228, -0.291128, 0, 0.956684, 0, 1, 0, -0.956684, 0, -0.291128),
    CFrame.new(83.324631, 102.568031, -737.143066, -0.268580, 0, 0.963257, 0, 1, 0, -0.963257, 0, -0.268580),
    CFrame.new(82.637733, 102.782700, -736.944580, -0.271467, 0, 0.962448, 0, 1, 0, -0.962448, 0, -0.271467),
    CFrame.new(81.713997, 103.017654, -736.638733, -0.294395, 0, 0.955684, 0, 1, 0, -0.955684, 0, -0.294395),
    CFrame.new(80.802734, 103.251549, -736.302246, -0.322400, 0, 0.946603, 0, 1, 0, -0.946603, 0, -0.322400),
    CFrame.new(80.119240, 103.433907, -736.044861, -0.333756, 0, 0.942659, 0, 1, 0, -0.942659, 0, -0.333756),
    CFrame.new(79.659836, 103.540215, -735.871765, -0.338495, 0, 0.940968, 0, 1, 0, -0.940968, 0, -0.338495),
    CFrame.new(78.505760, 103.754997, -735.437073, -0.346863, 0, 0.937916, 0, 1, 0, -0.937916, 0, -0.346863),
    CFrame.new(77.796631, 103.856514, -735.217712, -0.326630, 0, 0.945152, 0, 1, 0, -0.945152, 0, -0.326630),
    CFrame.new(77.201935, 103.944733, -735.047424, -0.310680, 0, 0.950515, 0, 1, 0, -0.950515, 0, -0.310680),
    CFrame.new(75.901413, 104.138863, -734.646057, -0.301779, 0, 0.953378, 0, 1, 0, -0.953378, 0, -0.301779),
    CFrame.new(75.312347, 104.177307, -734.440735, -0.310829, 0, 0.950466, 0, 1, 0, -0.950466, 0, -0.310829),
    CFrame.new(74.391243, 104.209000, -734.052551, -0.352478, 0, 0.935820, 0, 1, 0, -0.935820, 0, -0.352478),
    CFrame.new(73.479912, 104.190254, -733.641113, -0.384675, 0, 0.923052, 0, 1, 0, -0.923052, 0, -0.384675),
    CFrame.new(72.571487, 104.197372, -733.223145, -0.402919, 0, 0.915236, 0, 1, 0, -0.915236, 0, -0.402919),
    CFrame.new(71.778236, 104.197960, -732.853882, -0.411083, 0, 0.911598, 0, 1, 0, -0.911598, 0, -0.411083),
    CFrame.new(70.984077, 104.198006, -732.484070, -0.414547, 0, 0.910028, 0, 1, 0, -0.910028, 0, -0.414547),
    CFrame.new(70.066360, 104.198006, -732.056763, -0.416804, 0, 0.908996, 0, 1, 0, -0.908996, 0, -0.416804),
    CFrame.new(68.434731, 104.198006, -731.297058, -0.419790, 0, 0.907621, 0, 1, 0, -0.907621, 0, -0.419790),
    CFrame.new(67.415413, 104.214272, -730.821594, -0.420826, 0, 0.907141, 0, 1, 0, -0.907141, 0, -0.420826),
    CFrame.new(65.895660, 104.380829, -730.114807, -0.421244, 0, 0.906948, 0, 1, 0, -0.906948, 0, -0.421244),
    CFrame.new(65.086281, 104.500801, -729.740295, -0.420865, 0, 0.907123, 0, 1, 0, -0.907123, 0, -0.420865),
    CFrame.new(63.971645, 104.662460, -729.224304, -0.420539, 0, 0.907274, 0, 1, 0, -0.907274, 0, -0.420539),
    CFrame.new(60.996021, 104.799728, -727.863342, -0.416729, 0, 0.909031, 0, 1, 0, -0.909031, 0, -0.416729),
    CFrame.new(60.030441, 104.793114, -727.430359, -0.414226, 0, 0.910174, 0, 1, 0, -0.910174, 0, -0.414226),
    CFrame.new(59.672077, 104.795486, -727.270142, -0.413359, 0, 0.910568, 0, 1, 0, -0.910568, 0, -0.413359),
    CFrame.new(58.026585, 104.797813, -726.540344, -0.409084, 0, 0.912497, 0, 1, 0, -0.912497, 0, -0.409084),
    CFrame.new(56.374554, 104.798004, -725.825623, -0.403326, 0, 0.915057, 0, 1, 0, -0.915057, 0, -0.403326),
    CFrame.new(53.882694, 104.798004, -724.786438, -0.390251, 0, 0.920708, 0, 1, 0, -0.920708, 0, -0.390251),
    CFrame.new(52.193233, 104.798004, -724.165405, -0.366710, 0, 0.930335, 0, 1, 0, -0.930335, 0, -0.366710),
    CFrame.new(50.393562, 104.798004, -723.518860, -0.352008, 0, 0.935997, 0, 1, 0, -0.935997, 0, -0.352008),
    CFrame.new(48.807171, 104.798004, -722.943665, -0.347101, 0, 0.937828, 0, 1, 0, -0.937828, 0, -0.347101),
    CFrame.new(47.539787, 104.798019, -722.529236, -0.329602, 0, 0.944120, 0, 1, 0, -0.944120, 0, -0.329602),
    CFrame.new(46.819717, 104.798019, -722.319519, -0.310947, 0, 0.950427, 0, 1, 0, -0.950427, 0, -0.310947),
    CFrame.new(45.854454, 104.798019, -722.058350, -0.287510, 0, 0.957778, 0, 1, 0, -0.957778, 0, -0.287510),
    CFrame.new(45.007015, 104.798019, -721.840576, -0.271250, 0, 0.962509, 0, 1, 0, -0.962509, 0, -0.271250),
    CFrame.new(44.279827, 104.798019, -721.657043, -0.261548, 0, 0.965190, 0, 1, 0, -0.965190, 0, -0.261548),
    CFrame.new(43.673683, 104.798019, -721.504578, -0.256046, 0, 0.966665, 0, 1, 0, -0.966665, 0, -0.256046),
    CFrame.new(43.188774, 104.798019, -721.382690, -0.252953, 0, 0.967479, 0, 1, 0, -0.967479, 0, -0.252953),
    CFrame.new(42.219498, 104.819122, -721.138916, -0.248072, 0, 0.968742, 0, 1, 0, -0.968742, 0, -0.248072),
    CFrame.new(41.488827, 104.896912, -720.985352, -0.231139, 0, 0.972921, 0, 1, 0, -0.972921, 0, -0.231139),
    CFrame.new(40.636314, 105.030205, -720.837463, -0.205798, 0, 0.978595, 0, 1, 0, -0.978595, 0, -0.205798),
    CFrame.new(40.019154, 105.104347, -720.745544, -0.187706, 0, 0.982225, 0, 1, 0, -0.982225, 0, -0.187706),
    CFrame.new(39.275059, 105.116920, -720.652466, -0.164326, 0, 0.986406, 0, 1, 0, -0.986406, 0, -0.164326),
    CFrame.new(38.405693, 105.064590, -720.557190, -0.141180, 0, 0.989984, 0, 1, 0, -0.989984, 0, -0.141180),
    CFrame.new(37.784229, 105.074226, -720.493042, -0.129211, 0, 0.991617, 0, 1, 0, -0.991617, 0, -0.129211),
    CFrame.new(37.162811, 105.097412, -720.431458, -0.119667, 0, 0.992814, 0, 1, 0, -0.992814, 0, -0.119667),
    CFrame.new(36.167767, 105.133827, -720.339783, -0.104816, 0, 0.994492, 0, 1, 0, -0.994492, 0, -0.104816),
    CFrame.new(34.551006, 105.196281, -720.188843, -0.096485, 0, 0.995334, 0, 1, 0, -0.995334, 0, -0.096485),
    CFrame.new(33.558247, 105.219452, -720.071167, -0.107680, 0, 0.994186, 0, 1, 0, -0.994186, 0, -0.107680),
    CFrame.new(32.936447, 105.212204, -720.008728, -0.105302, 0, 0.994440, 0, 1, 0, -0.994440, 0, -0.105302),
    CFrame.new(31.946049, 105.110657, -719.907715, -0.103550, 0, 0.994624, 0, 1, 0, -0.994624, 0, -0.103550),
    CFrame.new(30.838886, 104.957100, -719.790039, -0.104808, 0, 0.994492, 0, 1, 0, -0.994492, 0, -0.104808),
    CFrame.new(29.847267, 104.875946, -719.682129, -0.106631, 0, 0.994299, 0, 1, 0, -0.994299, 0, -0.106631),
    CFrame.new(28.853220, 104.904083, -719.573792, -0.107502, 0, 0.994205, 0, 1, 0, -0.994205, 0, -0.107502),
    CFrame.new(27.863050, 104.814034, -719.454590, -0.113857, 0, 0.993497, 0, 1, 0, -0.993497, 0, -0.113857),
    CFrame.new(26.874584, 104.766113, -719.315735, -0.127474, 0, 0.991842, 0, 1, 0, -0.991842, 0, -0.127474),
    CFrame.new(25.887045, 104.667236, -719.176270, -0.134187, 0, 0.990956, 0, 1, 0, -0.990956, 0, -0.134187),
    CFrame.new(24.904270, 104.504311, -719.037598, -0.137227, 0, 0.990540, 0, 1, 0, -0.990540, 0, -0.137227),
    CFrame.new(23.921587, 104.381706, -718.898926, -0.138598, 0, 0.990349, 0, 1, 0, -0.990349, 0, -0.138598),
    CFrame.new(22.948797, 104.149323, -718.761658, -0.139143, 0, 0.990272, 0, 1, 0, -0.990272, 0, -0.139143),
    CFrame.new(21.988207, 103.923531, -718.626221, -0.139416, 0, 0.990234, 0, 1, 0, -0.990234, 0, -0.139416),
    CFrame.new(20.672815, 103.579094, -718.435486, -0.142395, 0, 0.989810, 0, 1, 0, -0.989810, 0, -0.142395),
    CFrame.new(19.851847, 103.247261, -718.315063, -0.143546, 0, 0.989644, 0, 1, 0, -0.989644, 0, -0.143546),
    CFrame.new(18.708477, 102.821548, -718.147400, -0.144465, 0, 0.989510, 0, 1, 0, -0.989510, 0, -0.144465),
    CFrame.new(17.919003, 102.455009, -718.031616, -0.144761, 0, 0.989467, 0, 1, 0, -0.989467, 0, -0.144761),
    CFrame.new(17.009462, 102.061409, -717.898315, -0.144935, 0, 0.989441, 0, 1, 0, -0.989441, 0, -0.144935),
    CFrame.new(16.222223, 101.626343, -717.785645, -0.143572, 0, 0.989640, 0, 1, 0, -0.989640, 0, -0.143572),
    CFrame.new(15.344461, 101.244423, -717.660095, -0.142496, 0, 0.989795, 0, 1, 0, -0.989795, 0, -0.142496),
    CFrame.new(14.792747, 100.917969, -717.581116, -0.142172, 0, 0.989842, 0, 1, 0, -0.989842, 0, -0.142172),
    CFrame.new(14.096204, 100.660545, -717.481628, -0.141926, 0, 0.989877, 0, 1, 0, -0.989877, 0, -0.141926),
    CFrame.new(13.255918, 100.436623, -717.361511, -0.141774, 0, 0.989899, 0, 1, 0, -0.989899, 0, -0.141774),
    CFrame.new(12.410542, 100.248970, -717.240601, -0.141686, 0, 0.989912, 0, 1, 0, -0.989912, 0, -0.141686),
    CFrame.new(11.808443, 100.112465, -717.154541, -0.141646, 0, 0.989917, 0, 1, 0, -0.989917, 0, -0.141646),
    CFrame.new(11.220785, 99.887039, -717.070557, -0.141619, 0, 0.989921, 0, 1, 0, -0.989921, 0, -0.141619),
    CFrame.new(10.534869, 99.560249, -716.972473, -0.141600, 0, 0.989924, 0, 1, 0, -0.989924, 0, -0.141600),
    CFrame.new(9.856668, 99.288956, -716.875427, -0.141586, 0, 0.989926, 0, 1, 0, -0.989926, 0, -0.141586),
    CFrame.new(9.404535, 99.058182, -716.810730, -0.141581, 0, 0.989927, 0, 1, 0, -0.989927, 0, -0.141581),
    CFrame.new(8.948237, 98.863930, -716.745544, -0.141577, 0, 0.989927, 0, 1, 0, -0.989927, 0, -0.141577),
    CFrame.new(7.916176, 98.458992, -716.597839, -0.141571, 0, 0.989928, 0, 1, 0, -0.989928, 0, -0.141571),
    CFrame.new(7.353570, 98.173111, -716.517334, -0.141570, 0, 0.989928, 0, 1, 0, -0.989928, 0, -0.141570),
    CFrame.new(6.590378, 97.751038, -716.408203, -0.141568, 0, 0.989929, 0, 1, 0, -0.989929, 0, -0.141568),
    CFrame.new(5.815444, 97.336739, -716.297363, -0.141567, 0, 0.989929, 0, 1, 0, -0.989929, 0, -0.141567),
    CFrame.new(5.125599, 97.102028, -716.198608, -0.141567, 0, 0.989929, 0, 1, 0, -0.989929, 0, -0.141567),
    CFrame.new(4.172226, 96.853149, -716.062439, -0.141567, 0, 0.989929, 0, 1, 0, -0.989929, 0, -0.141567),
    CFrame.new(3.201784, 96.673225, -715.923584, -0.141566, 0, 0.989929, 0, 1, 0, -0.989929, 0, -0.141566),
    CFrame.new(2.110084, 96.515190, -715.767395, -0.141566, 0, 0.989929, 0, 1, 0, -0.989929, 0, -0.141566),
    CFrame.new(1.253290, 96.380112, -715.644775, -0.141566, 0, 0.989929, 0, 1, 0, -0.989929, 0, -0.141566),
    CFrame.new(0.396497, 96.257423, -715.522156, -0.141566, 0, 0.989929, 0, 1, 0, -0.989929, 0, -0.141566),
    CFrame.new(-0.582695, 96.108009, -715.382019, -0.141566, 0, 0.989929, 0, 1, 0, -0.989929, 0, -0.141566),
    CFrame.new(-1.194691, 96.015053, -715.294434, -0.141566, 0, 0.989929, 0, 1, 0, -0.989929, 0, -0.141566),
    CFrame.new(-2.051484, 95.893654, -715.171814, -0.141566, 0, 0.989929, 0, 1, 0, -0.989929, 0, -0.141566),
    CFrame.new(-2.785879, 95.773941, -715.066711, -0.141566, 0, 0.989929, 0, 1, 0, -0.989929, 0, -0.141566),
    CFrame.new(-3.153076, 95.727150, -715.014160, -0.141566, 0, 0.989929, 0, 1, 0, -0.989929, 0, -0.141566),
    CFrame.new(-4.132268, 95.576820, -714.874023, -0.141566, 0, 0.989929, 0, 1, 0, -0.989929, 0, -0.141566),
    CFrame.new(-5.496932, 95.423447, -714.678772, -0.141584, 0, 0.989926, 0, 1, 0, -0.989926, 0, -0.141584),
    CFrame.new(-6.221343, 95.377640, -714.574402, -0.141955, 0, 0.989873, 0, 1, 0, -0.989873, 0, -0.141955),
    CFrame.new(-7.210920, 95.359962, -714.432312, -0.142159, 0, 0.989844, 0, 1, 0, -0.989844, 0, -0.142159),
    CFrame.new(-8.200514, 95.336990, -714.290222, -0.142255, 0, 0.989830, 0, 1, 0, -0.989830, 0, -0.142255),
    CFrame.new(-9.190107, 95.319687, -714.148132, -0.142299, 0, 0.989824, 0, 1, 0, -0.989824, 0, -0.142299),
    CFrame.new(-10.179701, 95.295685, -714.006042, -0.142318, 0, 0.989821, 0, 1, 0, -0.989821, 0, -0.142318),
    CFrame.new(-11.169294, 95.273018, -713.863953, -0.142327, 0, 0.989820, 0, 1, 0, -0.989820, 0, -0.142327),
    CFrame.new(-12.158888, 95.255753, -713.721863, -0.142331, 0, 0.989819, 0, 1, 0, -0.989819, 0, -0.142331),
    CFrame.new(-12.777384, 95.239655, -713.633057, -0.142332, 0, 0.989819, 0, 1, 0, -0.989819, 0, -0.142332),
    CFrame.new(-13.766977, 95.217064, -713.490967, -0.142333, 0, 0.989819, 0, 1, 0, -0.989819, 0, -0.142333),
    CFrame.new(-14.756571, 95.199806, -713.348877, -0.142334, 0, 0.989819, 0, 1, 0, -0.989819, 0, -0.142334),
    CFrame.new(-15.741798, 95.059349, -713.207275, -0.142334, 0, 0.989819, 0, 1, 0, -0.989819, 0, -0.142334),
    CFrame.new(-16.598619, 94.908348, -713.084167, -0.142334, 0, 0.989819, 0, 1, 0, -0.989819, 0, -0.142334),
    CFrame.new(-17.455315, 94.776138, -712.961121, -0.142334, 0, 0.989819, 0, 1, 0, -0.989819, 0, -0.142334),
    CFrame.new(-18.067240, 94.684898, -712.873230, -0.142334, 0, 0.989819, 0, 1, 0, -0.989819, 0, -0.142334),
    CFrame.new(-18.923935, 94.562332, -712.750183, -0.142334, 0, 0.989819, 0, 1, 0, -0.989819, 0, -0.142334),
    CFrame.new(-19.908949, 94.474823, -712.608582, -0.142334, 0, 0.989819, 0, 1, 0, -0.989819, 0, -0.142334),
    CFrame.new(-20.646805, 94.390182, -712.499878, -0.143688, 0, 0.989623, 0, 1, 0, -0.989623, 0, -0.143688),
    CFrame.new(-21.501724, 94.229736, -712.372131, -0.145483, 0, 0.989361, 0, 1, 0, -0.989361, 0, -0.145483),
    CFrame.new(-22.719967, 94.022346, -712.187439, -0.148049, 0, 0.988980, 0, 1, 0, -0.988980, 0, -0.148049),
    CFrame.new(-23.572701, 93.876259, -712.057983, -0.149020, 0, 0.988834, 0, 1, 0, -0.988834, 0, -0.149020),
